1620.4222517290004
1634.4210534800507
1705.9850816406265
1617.5446184980099
1593.4486665364986
1683.283489240142
1634.5253921377325
1601.5634624041497
1656.164608899149
1615.3976558153606
1633.716985394064
1559.9651347391568
1666.5566228782916
1580.4412843146667
1526.5193301102222
1556.6027720354646
1598.7064268551317
1575.389123930993
1679.6660963297745
1663.9594663691246
1681.7617599828961
1562.0437515487915
1613.582140051621
1633.0571143560078
1533.8790041151426
1556.1052635267226
1721.4817239729462
1568.628205505662
1561.1173273967956
1615.403701812052
1696.6062365705125
1660.7376312911579
1669.7483675994406
1568.4569119467997
1593.9844222382546
1573.502525751534
1606.5512517440918
1634.4950140710298
1592.9394038218607
1761.408774522688
1563.2455632292572
1594.995914850912
1656.5915422183039
1547.7153425367987
1718.0581960142745
1658.370781442622
1674.0304941892066
1497.802965424581
1689.2613134044966
1605.4613269299336
1619.4582310806707
1547.4440378989743
1680.2798815768194
1567.143449713323
1619.82101124856
1609.2514560018487
1518.397399093442
1597.7609000903267
1595.985493148099
1633.913465038175
1569.8266655872653
1630.8050322236081
1621.1218604977873
1559.888399452345
1614.398261460574
1708.2643181262874
1705.5513514077265
1670.7878048561156
1583.662708507729
1566.4383322944843
1599.1476622657692
1581.064285664386
1711.9719101478424
1589.0095575022945
1587.1689317619023
1574.9007033126022
1627.4142240208914
1688.0372950838291
1489.9540691989255
1667.5282991750714
1565.2506642715819
1605.8584832395127
1710.8282356033749
1581.7061640367406
1615.7945239937742
1627.1010300473554
1566.2021776459414
1723.5068343436064
1594.664775978197
1649.2051663562604
1616.1967656655513
1632.5270841168833
1595.1336443901166
1641.6146312572455
1609.5730715533252
1596.4767939407043
1664.5237238799218
1642.511275713831
1506.3736732532088
1620.177501293653
