3377.1933961385676
3488.290600825366
3132.458794635039
3343.7168986632328
3736.447426153343
3179.093337291482
3294.340645470215
3654.033849927719
3868.8107412499944
3505.835931195156
3508.1794548538355
3448.5869445314506
3288.2741675503203
3122.913923257551
3344.7454106008363
3515.3438097964126
3365.560532051636
3314.822837478642
3369.2441950205634
3275.815328629164
3503.569922841185
3552.7152590555957
3202.7326518643417
3589.8933225778683
3336.136595161344
3403.496955842332
3363.277075977294
3286.1891937626647
3232.2530661766814
3288.1538466470142
3385.8701587014957
3434.692707640252
3772.1633793134815
3546.0366169065223
3132.7289825736707
3586.89376335742
3368.4233241418865
3558.228655272086
3244.2251814250108
3433.1703377223544
3219.2808539031057
3453.292645754714
3524.9661964838874
3346.03133697997
3578.8949470241428
3647.5574954804983
3240.268096165515
3638.1765323295517
3638.4388317446464
3469.7679626869412
3602.5212208091893
3506.0472789474297
3659.3659388644523
3593.475010982973
3351.8057169882945
3650.9279070674797
3469.1689969933914
3506.3456877810786
3315.9783324788145
3087.1665391317056
3566.2746987503083
3411.0935924025575
3394.4121944371554
3379.4477708414565
3580.353440548906
3285.2433735153704
3398.181458470575
3137.528069275251
3756.731488305663
3328.321978707616
3388.8145000898407
3160.1295278673224
3388.0221117353944
3741.3958333743785
3376.8222207746585
3431.2135500361055
3406.5083952689142
3128.5147867754986
3309.3517507045876
3380.451688093263
3265.612711378935
3299.985221200018
3433.9046061433073
3551.963282877236
3564.146621089385
3619.54242174981
3426.0132623493528
3399.1658855587893
3187.990363959965
3793.4460293509283
3320.3511794477204
3609.4658185547178
3246.5100650152667
3381.524916081564
3321.6937176773854
3332.9772096990564
3420.345472115904
3118.7442321563153
3374.463600628511
3344.559773872379
